A-Pop
	2177	1993	2260	2163	2416	648
Acappella
	2669	2513	2508	2683	2444	599
Blues
	2352	2471	2214	2513	2310	600
BossaNova
	2122	1993	2209	2476	2356	504
C-Pop
	2108	2196	2705	2591	2453	655
Classical
	2200	2076	2604	2678	2430	403
Country
	2269	2049	2678	2646	2467	504
Disco
	2191	2053	2366	2366	2150	600
Electrical
	2218	2375	2209	2375	2269	706
Funk
	2292	2154	2476	2568	2269	548
HipPop
	2269	2085	2614	2471	2173	600
J-Pop
	2108	2007	2609	2480	2228	550
Jazz
	2320	2067	2214	2462	2352	749
Latin
	2471	2163	2513	2522	2315	500
MUsical
	2278	2113	2623	2434	2177	500
Metal
	2117	1929	2044	2264	2071	500
Newage
	2090	1892	2366	2301	2071	402
Opera
	2117	1989	2650	2586	2343	302
Reggae
	2246	2030	2476	2379	2113	448
RnB
	2241	2094	2558	2467	2301	501
Rock
	2186	1980	2471	2333	2209	448
Romantic
	2094	1966	2467	2467	2177	351
Soul
	2108	1975	2292	2490	2182	353
